map start
7
49
0
objects start
= [0 0] 2147483647
# [0 5] 2147483647
# [1 5] 2147483647
# [2 5] 2147483647
# [3 5] 2147483647
# [4 5] 2147483647
I [5 5] 2147483647
I [1 10] 2147483647
# [2 10] 2147483647
# [3 10] 2147483647
# [4 10] 2147483647
# [5 10] 2147483647
# [6 10] 2147483647
# [0 15] 2147483647
# [1 15] 2147483647
# [2 15] 2147483647
# [3 15] 2147483647
# [4 15] 2147483647
I [5 15] 2147483647
I [1 20] 2147483647
# [2 20] 2147483647
# [3 20] 2147483647
# [4 20] 2147483647
# [5 20] 2147483647
# [6 20] 2147483647
# [0 25] 2147483647
# [1 25] 2147483647
# [2 25] 2147483647
# [3 25] 2147483647
# [4 25] 2147483647
I [5 25] 2147483647
I [1 30] 2147483647
# [2 30] 2147483647
# [3 30] 2147483647
# [4 30] 2147483647
# [5 30] 2147483647
# [6 30] 2147483647
# [0 35] 2147483647
# [1 35] 2147483647
# [2 35] 2147483647
# [3 35] 2147483647
# [4 35] 2147483647
I [5 35] 2147483647
I [1 40] 2147483647
# [2 40] 2147483647
# [3 40] 2147483647
# [4 40] 2147483647
# [5 40] 2147483647
# [6 40] 2147483647
< [6 48] 2147483647 1
objects end
map end
gameState start
nguyexu2
0
0
0
0
10
500
gameState end