map start
7
49
0
objects start
= [3 0] 2147483647
# [1 9] 2147483647
# [2 9] 2147483647
# [3 9] 2147483647
# [4 9] 2147483647
# [0 24] 2147483647
# [1 24] 2147483647
# [2 24] 2147483647
I [3 24] 2147483647
I [4 24] 2147483647
I [5 24] 2147483647
I [1 30] 2147483647
# [2 30] 2147483647
# [3 30] 2147483647
# [4 30] 2147483647
# [5 30] 2147483647
# [6 30] 2147483647
# [0 36] 2147483647
# [1 36] 2147483647
# [1 37] 2147483647
# [1 38] 2147483647
# [2 38] 2147483647
# [3 38] 2147483647
I [2 43] 2147483647
I [4 43] 2147483647
< [0 48] 2147483647 3
< [3 48] 2147483647 1
< [6 48] 2147483647 2
objects end
map end
gameState start
nguyexu2
0
0
0
0
10
500
gameState end