map start
7
49
0
objects start
= [3 0] 2147483647
I [0 7] 2147483647
# [6 7] 2147483647
# [6 9] 2147483647
# [4 17] 2147483647
# [1 19] 2147483647
# [2 20] 2147483647
I [3 20] 2147483647
# [4 22] 2147483647
# [1 28] 2147483647
# [2 28] 2147483647
# [0 30] 2147483647
@ [5 30] 400
# [2 31] 2147483647
O [2 32] 2147483647 1
# [4 32] 2147483647
# [6 32] 2147483647
O [6 35] 2147483647 1
# [0 38] 2147483647
# [3 42] 2147483647
# [0 44] 2147483647
< [0 48] 2147483647 3
O [2 48] 2147483647 1
< [3 48] 2147483647 1
< [6 48] 2147483647 2
objects end
map end
gameState start
nguyexu2
48
0
0
0
10
200
gameState end